wavelength_angstrom,normalized_flux
3000.0,1.075744
3005.0,1.042657
3010.0,1.096724
3015.0,1.127203
3020.0,1.105136
3025.0,1.102453
3030.0,1.057557
3035.0,1.029516
3040.0,1.044719
3045.0,1.057643
3050.0,1.062097
3055.0,1.065802
3060.0,1.027813
3065.0,0.977346
3070.0,0.989112
3075.0,1.006889
3080.0,1.029998
3085.0,1.029037
3090.0,1.014102
3095.0,1.013649
3100.0,1.039882
3105.0,1.077469
3110.0,1.065458
3115.0,1.083534
3120.0,1.057059
3125.0,1.055246
3130.0,1.083491
3135.0,1.119045
3140.0,1.118130
3145.0,1.127726
3150.0,1.111077
3155.0,1.094537
3160.0,1.094723
3165.0,1.091830
3170.0,1.081404
3175.0,1.096475
3180.0,1.105526
3185.0,1.041727
3190.0,1.059727
3195.0,1.084941
3200.0,1.104452
3205.0,1.105508
3210.0,1.106636
3215.0,1.107849
3220.0,1.109161
3225.0,1.110585
3230.0,1.112135
3235.0,1.113824
3240.0,1.115666
3245.0,1.117675
3250.0,1.119863
3255.0,1.122231
3260.0,1.124720
3265.0,1.127260
3270.0,1.129778
3275.0,1.132202
3280.0,1.134461
3285.0,1.136484
3290.0,1.138197
3295.0,1.139530
3300.0,1.140411
3305.0,1.140789
3310.0,1.140702
3315.0,1.140205
3320.0,1.139358
3325.0,1.138217
3330.0,1.136842
3335.0,1.135288
3340.0,1.133614
3345.0,1.131878
3350.0,1.130137
3355.0,1.128439
3360.0,1.126788
3365.0,1.125181
3370.0,1.123612
3375.0,1.122077
3380.0,1.120569
3385.0,1.119086
3390.0,1.117621
3395.0,1.116169
3400.0,1.114726
3405.0,1.113292
3410.0,1.111885
3415.0,1.110529
3420.0,1.109247
3425.0,1.108065
3430.0,1.107003
3435.0,1.106088
3440.0,1.105342
3445.0,1.104789
3450.0,1.104452
3455.0,1.104342
3460.0,1.104413
3465.0,1.104606
3470.0,1.104864
3475.0,1.105126
3480.0,1.105334
3485.0,1.105430
3490.0,1.105354
3495.0,1.105047
3500.0,1.104452
3505.0,1.103528
3510.0,1.100899
3515.0,1.096048
3520.0,1.091160
3525.0,1.086421
3530.0,1.096944
3535.0,1.112203
3540.0,1.117525
3545.0,1.115574
3550.0,1.108882
3555.0,1.082365
3560.0,1.075681
3565.0,1.081668
3570.0,1.094899
3575.0,1.082837
3580.0,1.065885
3585.0,1.057925
3590.0,1.071306
3595.0,1.077634
3600.0,1.089513
3605.0,1.063740
3610.0,1.078043
3615.0,1.084668
3620.0,1.060783
3625.0,1.072939
3630.0,1.092874
3635.0,1.119060
3640.0,1.076820
3645.0,1.056020
3650.0,1.068774
3655.0,1.084894
3660.0,1.035443
3665.0,1.025720
3670.0,1.063044
3675.0,1.065462
3680.0,1.063889
3685.0,1.140864
3690.0,1.236105
3695.0,1.269897
3700.0,1.335603
3705.0,1.399252
3710.0,1.466058
3715.0,1.614566
3720.0,1.581092
3725.0,1.779515
3730.0,1.825126
3735.0,1.660641
3740.0,2.131707
3745.0,1.940059
3750.0,1.547469
3755.0,1.983005
3760.0,2.194938
3765.0,1.927542
3770.0,1.574764
3775.0,2.025903
3780.0,2.471670
3785.0,2.486114
3790.0,2.269108
3795.0,1.704101
3800.0,1.819406
3805.0,2.414028
3810.0,2.600538
3815.0,2.578901
3820.0,2.568542
3825.0,2.459197
3830.0,1.972068
3835.0,1.590402
3840.0,2.129218
3845.0,2.486592
3850.0,2.506241
3855.0,2.525712
3860.0,2.511021
3865.0,2.519083
3870.0,2.547853
3875.0,2.484063
3880.0,2.258956
3885.0,1.717537
3890.0,1.625204
3895.0,2.199157
3900.0,2.398685
3905.0,2.480159
3910.0,2.481228
3915.0,2.478136
3920.0,2.468784
3925.0,2.434193
3930.0,2.232600
3935.0,2.238648
3940.0,2.432634
3945.0,2.418681
3950.0,2.434736
3955.0,2.394473
3960.0,2.163474
3965.0,1.663588
3970.0,1.369664
3975.0,1.908631
3980.0,2.218710
3985.0,2.290027
3990.0,2.342590
3995.0,2.334140
4000.0,2.287809
4005.0,2.321468
4010.0,2.324601
4015.0,2.317273
4020.0,2.325403
4025.0,2.297863
4030.0,2.278779
4035.0,2.287522
4040.0,2.277838
4045.0,2.255058
4050.0,2.239828
4055.0,2.255054
4060.0,2.260313
4065.0,2.246591
4070.0,2.219885
4075.0,2.189934
4080.0,2.193882
4085.0,2.177127
4090.0,2.075787
4095.0,1.783225
4100.0,1.338781
4105.0,1.555731
4110.0,1.965909
4115.0,2.104375
4120.0,2.127247
4125.0,2.089337
4130.0,2.070786
4135.0,2.107716
4140.0,2.111177
4145.0,2.111422
4150.0,2.121199
4155.0,2.101499
4160.0,2.059625
4165.0,2.066176
4170.0,2.027052
4175.0,2.006449
4180.0,2.001286
4185.0,2.016114
4190.0,2.014792
4195.0,2.022841
4200.0,2.013915
4205.0,2.031960
4210.0,2.036787
4215.0,1.992496
4220.0,1.986817
4225.0,1.995444
4230.0,1.967435
4235.0,1.953421
4240.0,1.970919
4245.0,1.976692
4250.0,1.973929
4255.0,1.952413
4260.0,1.939808
4265.0,1.939647
4270.0,1.908472
4275.0,1.897071
4280.0,1.945504
4285.0,1.946326
4290.0,1.919402
4295.0,1.893968
4300.0,1.868804
4305.0,1.880610
4310.0,1.886315
4315.0,1.886224
4320.0,1.878270
4325.0,1.865216
4330.0,1.773170
4335.0,1.460738
4340.0,1.169336
4345.0,1.462834
4350.0,1.736056
4355.0,1.845690
4360.0,1.865951
4365.0,1.867810
4370.0,1.857490
4375.0,1.860554
4380.0,1.854450
4385.0,1.808152
4390.0,1.805872
4395.0,1.827898
4400.0,1.838042
4405.0,1.830861
4410.0,1.792915
4415.0,1.746285
4420.0,1.738956
4425.0,1.722117
4430.0,1.700229
4435.0,1.705848
4440.0,1.720907
4445.0,1.739064
4450.0,1.754761
4455.0,1.780339
4460.0,1.779492
4465.0,1.759121
4470.0,1.735534
4475.0,1.722502
4480.0,1.706069
4485.0,1.726016
4490.0,1.722442
4495.0,1.735349
4500.0,1.720030
4505.0,1.712930
4510.0,1.713822
4515.0,1.688093
4520.0,1.661870
4525.0,1.691766
4530.0,1.678411
4535.0,1.678807
4540.0,1.684098
4545.0,1.660416
4550.0,1.631671
4555.0,1.652887
4560.0,1.684664
4565.0,1.699477
4570.0,1.666413
4575.0,1.648416
4580.0,1.634705
4585.0,1.610572
4590.0,1.624338
4595.0,1.638571
4600.0,1.656127
4605.0,1.648979
4610.0,1.645523
4615.0,1.651305
4620.0,1.647146
4625.0,1.610505
4630.0,1.575495
4635.0,1.598346
4640.0,1.635399
4645.0,1.648165
4650.0,1.628920
4655.0,1.617609
4660.0,1.623464
4665.0,1.610830
4670.0,1.616707
4675.0,1.617382
4680.0,1.614533
4685.0,1.619216
4690.0,1.620454
4695.0,1.620234
4700.0,1.606846
4705.0,1.619209
4710.0,1.603921
4715.0,1.580202
4720.0,1.563659
4725.0,1.540453
4730.0,1.549485
4735.0,1.541630
4740.0,1.553063
4745.0,1.533355
4750.0,1.527186
4755.0,1.520207
4760.0,1.511941
4765.0,1.498097
4770.0,1.505544
4775.0,1.503169
4780.0,1.522006
4785.0,1.527700
4790.0,1.540633
4795.0,1.524914
4800.0,1.521783
4805.0,1.499562
4810.0,1.457924
4815.0,1.443680
4820.0,1.458295
4825.0,1.452600
4830.0,1.455756
4835.0,1.459184
4840.0,1.437916
4845.0,1.408743
4850.0,1.325726
4855.0,1.121486
4860.0,0.930365
4865.0,1.102280
4870.0,1.292461
4875.0,1.351784
4880.0,1.367536
4885.0,1.377200
4890.0,1.394258
4895.0,1.394740
4900.0,1.403713
4905.0,1.403870
4910.0,1.409599
4915.0,1.413957
4920.0,1.389829
4925.0,1.382754
4930.0,1.391886
4935.0,1.396491
4940.0,1.417908
4945.0,1.432902
4950.0,1.404492
4955.0,1.400558
4960.0,1.406191
4965.0,1.402116
4970.0,1.382471
4975.0,1.373749
4980.0,1.366441
4985.0,1.353650
4990.0,1.356357
4995.0,1.368109
5000.0,1.364047
5005.0,1.343129
5010.0,1.327949
5015.0,1.305048
5020.0,1.308686
5025.0,1.313456
5030.0,1.308794
5035.0,1.325123
5040.0,1.333597
5045.0,1.333326
5050.0,1.316897
5055.0,1.310512
5060.0,1.310905
5065.0,1.313370
5070.0,1.305499
5075.0,1.291456
5080.0,1.282543
5085.0,1.281913
5090.0,1.285326
5095.0,1.277291
5100.0,1.262862
5105.0,1.275810
5110.0,1.277719
5115.0,1.267466
5120.0,1.251061
5125.0,1.259916
5130.0,1.256886
5135.0,1.257392
5140.0,1.255139
5145.0,1.240842
5150.0,1.239754
5155.0,1.233505
5160.0,1.220092
5165.0,1.187562
5170.0,1.194958
5175.0,1.229246
5180.0,1.214036
5185.0,1.204508
5190.0,1.218517
5195.0,1.206267
5200.0,1.201814
5205.0,1.216275
5210.0,1.202796
5215.0,1.193858
5220.0,1.199687
5225.0,1.183662
5230.0,1.176610
5235.0,1.169154
5240.0,1.179411
5245.0,1.168368
5250.0,1.163779
5255.0,1.159681
5260.0,1.149993
5265.0,1.151823
5270.0,1.153868
5275.0,1.127055
5280.0,1.138872
5285.0,1.152902
5290.0,1.166578
5295.0,1.154451
5300.0,1.146092
5305.0,1.143153
5310.0,1.125959
5315.0,1.111476
5320.0,1.121211
5325.0,1.142335
5330.0,1.133452
5335.0,1.129958
5340.0,1.132445
5345.0,1.129012
5350.0,1.123773
5355.0,1.120713
5360.0,1.090246
5365.0,1.083030
5370.0,1.087746
5375.0,1.093238
5380.0,1.093769
5385.0,1.092584
5390.0,1.099092
5395.0,1.091738
5400.0,1.069509
5405.0,1.065361
5410.0,1.073463
5415.0,1.076925
5420.0,1.069036
5425.0,1.068177
5430.0,1.067580
5435.0,1.059102
5440.0,1.062193
5445.0,1.045220
5450.0,1.040898
5455.0,1.037899
5460.0,1.037704
5465.0,1.045520
5470.0,1.038543
5475.0,1.029607
5480.0,1.014429
5485.0,1.012932
5490.0,1.007719
5495.0,1.020248
5500.0,1.026679
5505.0,1.020956
5510.0,1.018631
5515.0,1.023303
5520.0,1.009319
5525.0,0.994806
5530.0,0.991371
5535.0,0.991736
5540.0,0.997082
5545.0,1.002961
5550.0,1.007299
5555.0,1.009800
5560.0,1.009196
5565.0,1.007475
5570.0,1.002364
5575.0,1.002297
5580.0,1.002822
5585.0,0.987231
5590.0,0.981727
5595.0,0.981976
5600.0,0.980105
5605.0,0.980180
5610.0,0.987795
5615.0,0.978320
5620.0,0.975105
5625.0,0.970760
5630.0,0.960956
5635.0,0.962874
5640.0,0.970173
5645.0,0.969627
5650.0,0.955026
5655.0,0.942127
5660.0,0.943247
5665.0,0.941687
5670.0,0.945370
5675.0,0.941097
5680.0,0.939667
5685.0,0.940167
5690.0,0.929597
5695.0,0.921431
5700.0,0.924489
5705.0,0.908760
5710.0,0.909083
5715.0,0.921142
5720.0,0.916912
5725.0,0.918170
5730.0,0.921066
5735.0,0.912569
5740.0,0.908416
5745.0,0.891659
5750.0,0.891344
5755.0,0.895707
5760.0,0.901399
5765.0,0.899379
5770.0,0.886615
5775.0,0.861905
5780.0,0.822475
5785.0,0.840414
5790.0,0.857535
5795.0,0.849499
5800.0,0.857247
5805.0,0.858016
5810.0,0.859130
5815.0,0.865812
5820.0,0.870471
5825.0,0.860971
5830.0,0.858881
5835.0,0.862094
5840.0,0.860048
5845.0,0.857465
5850.0,0.857601
5855.0,0.847771
5860.0,0.858108
5865.0,0.860130
5870.0,0.844718
5875.0,0.836915
5880.0,0.833993
5885.0,0.785397
5890.0,0.716987
5895.0,0.737794
5900.0,0.798229
5905.0,0.836638
5910.0,0.827272
5915.0,0.830621
5920.0,0.815361
5925.0,0.809672
5930.0,0.815418
5935.0,0.828808
5940.0,0.818347
5945.0,0.803636
5950.0,0.792794
5955.0,0.785528
5960.0,0.791739
5965.0,0.790633
5970.0,0.789888
5975.0,0.793380
5980.0,0.791431
5985.0,0.790595
5990.0,0.789995
5995.0,0.789362
6000.0,0.785097
6005.0,0.793352
6010.0,0.785758
6015.0,0.783014
6020.0,0.786197
6025.0,0.790778
6030.0,0.794008
6035.0,0.778408
6040.0,0.776424
6045.0,0.783343
6050.0,0.781519
6055.0,0.779687
6060.0,0.780304
6065.0,0.780967
6070.0,0.777817
6075.0,0.771605
6080.0,0.762562
6085.0,0.765893
6090.0,0.770126
6095.0,0.764176
6100.0,0.756420
6105.0,0.761650
6110.0,0.767638
6115.0,0.767805
6120.0,0.765386
6125.0,0.758116
6130.0,0.751800
6135.0,0.751804
6140.0,0.752297
6145.0,0.748179
6150.0,0.744807
6155.0,0.736267
6160.0,0.735839
6165.0,0.744369
6170.0,0.736374
6175.0,0.730167
6180.0,0.737187
6185.0,0.737755
6190.0,0.732778
6195.0,0.733853
6200.0,0.736740
6205.0,0.734121
6210.0,0.732336
6215.0,0.731961
6220.0,0.729765
6225.0,0.726756
6230.0,0.722023
6235.0,0.719218
6240.0,0.717594
6245.0,0.715967
6250.0,0.715936
6255.0,0.721273
6260.0,0.720342
6265.0,0.712732
6270.0,0.704148
6275.0,0.691486
6280.0,0.657832
6285.0,0.666718
6290.0,0.694457
6295.0,0.695210
6300.0,0.697429
6305.0,0.696442
6310.0,0.696039
6315.0,0.691978
6320.0,0.692645
6325.0,0.696515
6330.0,0.697444
6335.0,0.695425
6340.0,0.686803
6345.0,0.673980
6350.0,0.675349
6355.0,0.687804
6360.0,0.686047
6365.0,0.680485
6370.0,0.668187
6375.0,0.670492
6380.0,0.678285
6385.0,0.683502
6390.0,0.680620
6395.0,0.676300
6400.0,0.677960
6405.0,0.676739
6410.0,0.676697
6415.0,0.671189
6420.0,0.670825
6425.0,0.673735
6430.0,0.668443
6435.0,0.669010
6440.0,0.663960
6445.0,0.658062
6450.0,0.654791
6455.0,0.645814
6460.0,0.648627
6465.0,0.654032
6470.0,0.654953
6475.0,0.650002
6480.0,0.643358
6485.0,0.639505
6490.0,0.644618
6495.0,0.644998
6500.0,0.648857
6505.0,0.651197
6510.0,0.654584
6515.0,0.650646
6520.0,0.655135
6525.0,0.649585
6530.0,0.643781
6535.0,0.643068
6540.0,0.641530
6545.0,0.629119
6550.0,0.609852
6555.0,0.574346
6560.0,0.509588
6565.0,0.490558
6570.0,0.568832
6575.0,0.614006
6580.0,0.626405
6585.0,0.631863
6590.0,0.635965
6595.0,0.636409
6600.0,0.637302
6605.0,0.635160
6610.0,0.629684
6615.0,0.624960
6620.0,0.623167
6625.0,0.623274
6630.0,0.622394
6635.0,0.620345
6640.0,0.616330
6645.0,0.614646
6650.0,0.614322
6655.0,0.606571
6660.0,0.603775
6665.0,0.605240
6670.0,0.604694
6675.0,0.601049
6680.0,0.599892
6685.0,0.600289
6690.0,0.602544
6695.0,0.596430
6700.0,0.595408
6705.0,0.596415
6710.0,0.594931
6715.0,0.590973
6720.0,0.588727
6725.0,0.590825
6730.0,0.589901
6735.0,0.584400
6740.0,0.580049
6745.0,0.580901
6750.0,0.582914
6755.0,0.585831
6760.0,0.584219
6765.0,0.582186
6770.0,0.578770
6775.0,0.578283
6780.0,0.574196
6785.0,0.570606
6790.0,0.573025
6795.0,0.574342
6800.0,0.573302
6805.0,0.570011
6810.0,0.566835
6815.0,0.572322
6820.0,0.569170
6825.0,0.562577
6830.0,0.562751
6835.0,0.564415
6840.0,0.567804
6845.0,0.566517
6850.0,0.565140
6855.0,0.563890
6860.0,0.562657
6865.0,0.561391
6870.0,0.560145
6875.0,0.558858
6880.0,0.557698
6885.0,0.556466
6890.0,0.555216
6895.0,0.553968
6900.0,0.552740
6905.0,0.551513
6910.0,0.550290
6915.0,0.549072
6920.0,0.547946
6925.0,0.546835
6930.0,0.545834
6935.0,0.544852
6940.0,0.543943
6945.0,0.543092
6950.0,0.542170
6955.0,0.541228
6960.0,0.540161
6965.0,0.539176
6970.0,0.538221
6975.0,0.536986
6980.0,0.534757
6985.0,0.529489
6990.0,0.521550
6995.0,0.521405
7000.0,0.514968
7005.0,0.513207
7010.0,0.522326
7015.0,0.522363
7020.0,0.522768
7025.0,0.518291
7030.0,0.519030
7035.0,0.520083
7040.0,0.517864
7045.0,0.520495
7050.0,0.521391
7055.0,0.516681
7060.0,0.513076
7065.0,0.512097
7070.0,0.516803
7075.0,0.517363
7080.0,0.518482
7085.0,0.517918
7090.0,0.516802
7095.0,0.511901
7100.0,0.512997
7105.0,0.514869
7110.0,0.508949
7115.0,0.512088
7120.0,0.516563
7125.0,0.515893
7130.0,0.511852
7135.0,0.508174
7140.0,0.513603
7145.0,0.510895
7150.0,0.510615
7155.0,0.507716
7160.0,0.507784
7165.0,0.500247
7170.0,0.491734
7175.0,0.477371
7180.0,0.475346
7185.0,0.463997
7190.0,0.468110
7195.0,0.472697
7200.0,0.476412
7205.0,0.476812
7210.0,0.491426
7215.0,0.499950
7220.0,0.494265
7225.0,0.488273
7230.0,0.479866
7235.0,0.473149
7240.0,0.473692
7245.0,0.474441
7250.0,0.473913
7255.0,0.469766
7260.0,0.470769
7265.0,0.467115
7270.0,0.470622
7275.0,0.463176
7280.0,0.466692
7285.0,0.469378
7290.0,0.454335
7295.0,0.456584
7300.0,0.456298
7305.0,0.456237
7310.0,0.465783
7315.0,0.458271
7320.0,0.456053
7325.0,0.457942
7330.0,0.453033
7335.0,0.456296
7340.0,0.458962
7345.0,0.455292
7350.0,0.458731
7355.0,0.456905
7360.0,0.451308
7365.0,0.449538
7370.0,0.445784
7375.0,0.447248
7380.0,0.451789
7385.0,0.443978
7390.0,0.438921
7395.0,0.431611
7400.0,0.436506
7405.0,0.439655
7410.0,0.430152
7415.0,0.428318
7420.0,0.434062
7425.0,0.445629
7430.0,0.446326
7435.0,0.445539
7440.0,0.442719
7445.0,0.440456
7450.0,0.442515
7455.0,0.442600
7460.0,0.441120
7465.0,0.435466
7470.0,0.433695
7475.0,0.438783
7480.0,0.437654
7485.0,0.437398
7490.0,0.436436
7495.0,0.435578
7500.0,0.434884
7505.0,0.433310
7510.0,0.432717
7515.0,0.430655
7520.0,0.430451
7525.0,0.430015
7530.0,0.430254
7535.0,0.427906
7540.0,0.428959
7545.0,0.425598
7550.0,0.424033
7555.0,0.423437
7560.0,0.422735
7565.0,0.422034
7570.0,0.421292
7575.0,0.420557
7580.0,0.419758
7585.0,0.418970
7590.0,0.418208
7595.0,0.417461
7600.0,0.416676
7605.0,0.415941
7610.0,0.415103
7615.0,0.414238
7620.0,0.413376
7625.0,0.412514
7630.0,0.411650
7635.0,0.410786
7640.0,0.409919
7645.0,0.409049
7650.0,0.408175
7655.0,0.407297
7660.0,0.406415
7665.0,0.405530
7670.0,0.404645
7675.0,0.403754
7680.0,0.402861
7685.0,0.401903
7690.0,0.400994
7695.0,0.400030
7700.0,0.399108
7705.0,0.398318
7710.0,0.398108
7715.0,0.398784
7720.0,0.398725
7725.0,0.397907
7730.0,0.397015
7735.0,0.396214
7740.0,0.395397
7745.0,0.396060
7750.0,0.394290
7755.0,0.394484
7760.0,0.392696
7765.0,0.388399
7770.0,0.371568
7775.0,0.350598
7780.0,0.372228
7785.0,0.387260
7790.0,0.386305
7795.0,0.387859
7800.0,0.386046
7805.0,0.384376
7810.0,0.384816
7815.0,0.384919
7820.0,0.383809
7825.0,0.382819
7830.0,0.382453
7835.0,0.380657
7840.0,0.379082
7845.0,0.376954
7850.0,0.375375
7855.0,0.376672
7860.0,0.375834
7865.0,0.374412
7870.0,0.374033
7875.0,0.368971
7880.0,0.367605
7885.0,0.370631
7890.0,0.370578
7895.0,0.364847
7900.0,0.363347
7905.0,0.367600
7910.0,0.367153
7915.0,0.366837
7920.0,0.365378
7925.0,0.365729
7930.0,0.364139
7935.0,0.364267
7940.0,0.363747
7945.0,0.362203
7950.0,0.359222
7955.0,0.359142
7960.0,0.358742
7965.0,0.355790
7970.0,0.358298
7975.0,0.356043
7980.0,0.356546
7985.0,0.356901
7990.0,0.357025
7995.0,0.356118
8000.0,0.352459
8005.0,0.353596
8010.0,0.351538
8015.0,0.349113
8020.0,0.349354
8025.0,0.348998
8030.0,0.349642
8035.0,0.348626
8040.0,0.347390
8045.0,0.347535
8050.0,0.348288
8055.0,0.347767
8060.0,0.344268
8065.0,0.346718
8070.0,0.344264
8075.0,0.345424
8080.0,0.344327
8085.0,0.343111
8090.0,0.343314
8095.0,0.344885
8100.0,0.343565
8105.0,0.345081
8110.0,0.342660
8115.0,0.343441
8120.0,0.342737
8125.0,0.343629
8130.0,0.341581
8135.0,0.337809
8140.0,0.337870
8145.0,0.335465
8150.0,0.332491
8155.0,0.328228
8160.0,0.328108
8165.0,0.319309
8170.0,0.326073
8175.0,0.332388
8180.0,0.324108
8185.0,0.326678
8190.0,0.326752
8195.0,0.331155
8200.0,0.328936
8205.0,0.337175
8210.0,0.339268
8215.0,0.330643
8220.0,0.327484
8225.0,0.318406
8230.0,0.303044
8235.0,0.314258
8240.0,0.328806
8245.0,0.329910
8250.0,0.332753
8255.0,0.331464
8260.0,0.327935
8265.0,0.331100
8270.0,0.329651
8275.0,0.321126
8280.0,0.321319
8285.0,0.321661
8290.0,0.318646
8295.0,0.318213
8300.0,0.322051
8305.0,0.319969
8310.0,0.319683
8315.0,0.321123
8320.0,0.315588
8325.0,0.318068
8330.0,0.321462
8335.0,0.319700
8340.0,0.319708
8345.0,0.318831
8350.0,0.321528
8355.0,0.319059
8360.0,0.314823
8365.0,0.319843
8370.0,0.319443
8375.0,0.310927
8380.0,0.318914
8385.0,0.324182
8390.0,0.313998
8395.0,0.309789
8400.0,0.321949
8405.0,0.326735
8410.0,0.315465
8415.0,0.301844
8420.0,0.319909
8425.0,0.332635
8430.0,0.327540
8435.0,0.305502
8440.0,0.294022
8445.0,0.303440
8450.0,0.321472
8455.0,0.337624
8460.0,0.327189
8465.0,0.298602
8470.0,0.289398
8475.0,0.316168
8480.0,0.335926
8485.0,0.345558
8490.0,0.343372
8495.0,0.325040
8500.0,0.291993
8505.0,0.279270
8510.0,0.306668
8515.0,0.330742
8520.0,0.341914
8525.0,0.345288
8530.0,0.339105
8535.0,0.324558
8540.0,0.298847
8545.0,0.268738
8550.0,0.281915
8555.0,0.315143
8560.0,0.333119
8565.0,0.339797
8570.0,0.338659
8575.0,0.337631
8580.0,0.333597
8585.0,0.325033
8590.0,0.306004
8595.0,0.274824
8600.0,0.255197
8605.0,0.283509
8610.0,0.314258
8615.0,0.328420
8620.0,0.333409
8625.0,0.334264
8630.0,0.334645
8635.0,0.336666
8640.0,0.334675
8645.0,0.332445
8650.0,0.326229
8655.0,0.309736
8660.0,0.278098
8665.0,0.241380
8670.0,0.257488
8675.0,0.288337
8680.0,0.296712
8685.0,0.303542
8690.0,0.317584
8695.0,0.328752
8700.0,0.332195
8705.0,0.328787
8710.0,0.327430
8715.0,0.330829
8720.0,0.327178
8725.0,0.325481
8730.0,0.319629
8735.0,0.312327
8740.0,0.297016
8745.0,0.272756
8750.0,0.239758
8755.0,0.247353
8760.0,0.279686
8765.0,0.298432
8770.0,0.306575
8775.0,0.309233
8780.0,0.311465
8785.0,0.310248
8790.0,0.311917
8795.0,0.313141
8800.0,0.313219
8805.0,0.315514
8810.0,0.314264
8815.0,0.312132
8820.0,0.311904
8825.0,0.306793
8830.0,0.306873
8835.0,0.305918
8840.0,0.303172
8845.0,0.298106
8850.0,0.289183
8855.0,0.272346
8860.0,0.240727
8865.0,0.227412
8870.0,0.256754
8875.0,0.278764
8880.0,0.292059
8885.0,0.296817
8890.0,0.301276
8895.0,0.303094
8900.0,0.303775
8905.0,0.303269
8910.0,0.304882
8915.0,0.303806
8920.0,0.302102
8925.0,0.299019
8930.0,0.294945
8935.0,0.294020
8940.0,0.293283
8945.0,0.293693
8950.0,0.291661
8955.0,0.289778
8960.0,0.291706
8965.0,0.286294
8970.0,0.286665
8975.0,0.285933
8980.0,0.284211
8985.0,0.278773
8990.0,0.263815
8995.0,0.270426
9000.0,0.268426
9005.0,0.255268
9010.0,0.235105
9015.0,0.209341
9020.0,0.225328
9025.0,0.251585
9030.0,0.271983
9035.0,0.288162
9040.0,0.295251
9045.0,0.293732
9050.0,0.293376
9055.0,0.293507
9060.0,0.288321
9065.0,0.284004
9070.0,0.279138
9075.0,0.277686
9080.0,0.274830
9085.0,0.270155
9090.0,0.270220
9095.0,0.271405
9100.0,0.271192
9105.0,0.271204
9110.0,0.274043
9115.0,0.279686
9120.0,0.275314
9125.0,0.278047
9130.0,0.271817
9135.0,0.267532
9140.0,0.269645
9145.0,0.276328
9150.0,0.271732
9155.0,0.254994
9160.0,0.263788
9165.0,0.270821
9170.0,0.270539
9175.0,0.263052
9180.0,0.266616
9185.0,0.273598
9190.0,0.272858
9195.0,0.272243
9200.0,0.272257
9205.0,0.267248
9210.0,0.263131
9215.0,0.255009
9220.0,0.246347
9225.0,0.237159
9230.0,0.226075
9235.0,0.233310
9240.0,0.243157
9245.0,0.247437
9250.0,0.250529
9255.0,0.255400
9260.0,0.251719
9265.0,0.252048
9270.0,0.257596
9275.0,0.261667
9280.0,0.260143
9285.0,0.261831
9290.0,0.261056
9295.0,0.259736
9300.0,0.255523
9305.0,0.254553
9310.0,0.251421
9315.0,0.246522
9320.0,0.240090
9325.0,0.239171
9330.0,0.240834
9335.0,0.235512
9340.0,0.228968
9345.0,0.221906
9350.0,0.239502
9355.0,0.232461
9360.0,0.232785
9365.0,0.239721
9370.0,0.234743
9375.0,0.238865
9380.0,0.237066
9385.0,0.241503
9390.0,0.253535
9395.0,0.265183
9400.0,0.260413
9405.0,0.259026
9410.0,0.252879
9415.0,0.253187
9420.0,0.251017
9425.0,0.243345
9430.0,0.230498
9435.0,0.242880
9440.0,0.229557
9445.0,0.227730
9450.0,0.240505
9455.0,0.235444
9460.0,0.228036
9465.0,0.234579
9470.0,0.237987
9475.0,0.238874
9480.0,0.234131
9485.0,0.233703
9490.0,0.246284
9495.0,0.233115
9500.0,0.223797
9505.0,0.235841
9510.0,0.244605
9515.0,0.236744
9520.0,0.222954
9525.0,0.219032
9530.0,0.218337
9535.0,0.216516
9540.0,0.210742
9545.0,0.197879
9550.0,0.199861
9555.0,0.206123
9560.0,0.212665
9565.0,0.216298
9570.0,0.222408
9575.0,0.230495
9580.0,0.230051
9585.0,0.225522
9590.0,0.224183
9595.0,0.223222
9600.0,0.230592
9605.0,0.230246
9610.0,0.230057
9615.0,0.232582
9620.0,0.225686
9625.0,0.220704
9630.0,0.227822
9635.0,0.225002
9640.0,0.226458
9645.0,0.222536
9650.0,0.222194
9655.0,0.224208
9660.0,0.223264
9665.0,0.220277
9670.0,0.222715
9675.0,0.227851
9680.0,0.224380
9685.0,0.225559
9690.0,0.227383
9695.0,0.225280
9700.0,0.223907
9705.0,0.223300
9710.0,0.223626
9715.0,0.221826
9720.0,0.220909
9725.0,0.219620
9730.0,0.216089
9735.0,0.217949
9740.0,0.216147
9745.0,0.215253
9750.0,0.214682
9755.0,0.215208
9760.0,0.217212
9765.0,0.215584
9770.0,0.216367
9775.0,0.217548
9780.0,0.215409
9785.0,0.213838
9790.0,0.215345
9795.0,0.212287
9800.0,0.212037
9805.0,0.215806
9810.0,0.217105
9815.0,0.212643
9820.0,0.212017
9825.0,0.212542
9830.0,0.211052
9835.0,0.213018
9840.0,0.211566
9845.0,0.210033
9850.0,0.211237
9855.0,0.210823
9860.0,0.208833
9865.0,0.208455
9870.0,0.210888
9875.0,0.209586
9880.0,0.208629
9885.0,0.209189
9890.0,0.207791
9895.0,0.207800
9900.0,0.206943
9905.0,0.208046
9910.0,0.207830
9915.0,0.201397
9920.0,0.207435
9925.0,0.204302
9930.0,0.205436
9935.0,0.207877
9940.0,0.204663
9945.0,0.204393
9950.0,0.203005
9955.0,0.206388
9960.0,0.202443
9965.0,0.202808
9970.0,0.199003
9975.0,0.202489
9980.0,0.203179
9985.0,0.199068
9990.0,0.202577
9995.0,0.200475
10000.0,0.198238
