wavelength_angstrom,normalized_flux
3000.0,0.601316
3005.0,0.569563
3010.0,0.596174
3015.0,0.606339
3020.0,0.590764
3025.0,0.578639
3030.0,0.595313
3035.0,0.593298
3040.0,0.592219
3045.0,0.593715
3050.0,0.584949
3055.0,0.581689
3060.0,0.560425
3065.0,0.548531
3070.0,0.581841
3075.0,0.612791
3080.0,0.632878
3085.0,0.635126
3090.0,0.631570
3095.0,0.615062
3100.0,0.601180
3105.0,0.618732
3110.0,0.634195
3115.0,0.636048
3120.0,0.597124
3125.0,0.596327
3130.0,0.610695
3135.0,0.617049
3140.0,0.648255
3145.0,0.646644
3150.0,0.650872
3155.0,0.674468
3160.0,0.618804
3165.0,0.596489
3170.0,0.649497
3175.0,0.681480
3180.0,0.652357
3185.0,0.641344
3190.0,0.664396
3195.0,0.645677
3200.0,0.638189
3205.0,0.639147
3210.0,0.640109
3215.0,0.641081
3220.0,0.642064
3225.0,0.643063
3230.0,0.644080
3235.0,0.645120
3240.0,0.646184
3245.0,0.647276
3250.0,0.648400
3255.0,0.649558
3260.0,0.650745
3265.0,0.651956
3270.0,0.653186
3275.0,0.654429
3280.0,0.655679
3285.0,0.656933
3290.0,0.658183
3295.0,0.659425
3300.0,0.660654
3305.0,0.661861
3310.0,0.663030
3315.0,0.664144
3320.0,0.665183
3325.0,0.666129
3330.0,0.666964
3335.0,0.667669
3340.0,0.668226
3345.0,0.668617
3350.0,0.668822
3355.0,0.668831
3360.0,0.668661
3365.0,0.668335
3370.0,0.667878
3375.0,0.667313
3380.0,0.666665
3385.0,0.665957
3390.0,0.665214
3395.0,0.664459
3400.0,0.663717
3405.0,0.663007
3410.0,0.662337
3415.0,0.661706
3420.0,0.661119
3425.0,0.660577
3430.0,0.660081
3435.0,0.659635
3440.0,0.659240
3445.0,0.658898
3450.0,0.658611
3455.0,0.658387
3460.0,0.658249
3465.0,0.658226
3470.0,0.658347
3475.0,0.658641
3480.0,0.659137
3485.0,0.659864
3490.0,0.660850
3495.0,0.662125
3500.0,0.663717
3505.0,0.665630
3510.0,0.728611
3515.0,0.725663
3520.0,0.713116
3525.0,0.696153
3530.0,0.692791
3535.0,0.672577
3540.0,0.684653
3545.0,0.679889
3550.0,0.682013
3555.0,0.726716
3560.0,0.711817
3565.0,0.674904
3570.0,0.644561
3575.0,0.653646
3580.0,0.652753
3585.0,0.630058
3590.0,0.614787
3595.0,0.628192
3600.0,0.643782
3605.0,0.640827
3610.0,0.637711
3615.0,0.653454
3620.0,0.663919
3625.0,0.655756
3630.0,0.644628
3635.0,0.652009
3640.0,0.678620
3645.0,0.684862
3650.0,0.684100
3655.0,0.760523
3660.0,0.767240
3665.0,0.768587
3670.0,0.764578
3675.0,0.710465
3680.0,0.685023
3685.0,0.679726
3690.0,0.690251
3695.0,0.707286
3700.0,0.711521
3705.0,0.700727
3710.0,0.746339
3715.0,0.799773
3720.0,0.776897
3725.0,0.809832
3730.0,0.793996
3735.0,0.750150
3740.0,0.850286
3745.0,0.833162
3750.0,0.806370
3755.0,0.940661
3760.0,0.978974
3765.0,0.932070
3770.0,0.874954
3775.0,1.024055
3780.0,1.210757
3785.0,1.208016
3790.0,1.059974
3795.0,0.882561
3800.0,0.939978
3805.0,1.172527
3810.0,1.320387
3815.0,1.345539
3820.0,1.311080
3825.0,1.167096
3830.0,0.975513
3835.0,0.859599
3840.0,1.034281
3845.0,1.296095
3850.0,1.450561
3855.0,1.491909
3860.0,1.526884
3865.0,1.576212
3870.0,1.537158
3875.0,1.390712
3880.0,1.206624
3885.0,0.966689
3890.0,0.910002
3895.0,1.112919
3900.0,1.327765
3905.0,1.481641
3910.0,1.593426
3915.0,1.581117
3920.0,1.574003
3925.0,1.464904
3930.0,1.161051
3935.0,1.098345
3940.0,1.400407
3945.0,1.513482
3950.0,1.489937
3955.0,1.421689
3960.0,1.233140
3965.0,0.928944
3970.0,0.798074
3975.0,1.025464
3980.0,1.296629
3985.0,1.477964
3990.0,1.598851
3995.0,1.657392
4000.0,1.676918
4005.0,1.705636
4010.0,1.758037
4015.0,1.801619
4020.0,1.839639
4025.0,1.803569
4030.0,1.810085
4035.0,1.815056
4040.0,1.840987
4045.0,1.796193
4050.0,1.796499
4055.0,1.740345
4060.0,1.694861
4065.0,1.676547
4070.0,1.671606
4075.0,1.619925
4080.0,1.551133
4085.0,1.493088
4090.0,1.383023
4095.0,1.185663
4100.0,0.968957
4105.0,1.033231
4110.0,1.291404
4115.0,1.494509
4120.0,1.583286
4125.0,1.640209
4130.0,1.658113
4135.0,1.740398
4140.0,1.767369
4145.0,1.770111
4150.0,1.754299
4155.0,1.740198
4160.0,1.770702
4165.0,1.777731
4170.0,1.743243
4175.0,1.691478
4180.0,1.688890
4185.0,1.707951
4190.0,1.742877
4195.0,1.704615
4200.0,1.678623
4205.0,1.719779
4210.0,1.752769
4215.0,1.743873
4220.0,1.706832
4225.0,1.675170
4230.0,1.689322
4235.0,1.670736
4240.0,1.711805
4245.0,1.702416
4250.0,1.691284
4255.0,1.702816
4260.0,1.712414
4265.0,1.734888
4270.0,1.697483
4275.0,1.699442
4280.0,1.741246
4285.0,1.670251
4290.0,1.595434
4295.0,1.565073
4300.0,1.502070
4305.0,1.485493
4310.0,1.475934
4315.0,1.462988
4320.0,1.450173
4325.0,1.379624
4330.0,1.285784
4335.0,1.093890
4340.0,0.906358
4345.0,1.013105
4350.0,1.226155
4355.0,1.376618
4360.0,1.504558
4365.0,1.564427
4370.0,1.558496
4375.0,1.575677
4380.0,1.592097
4385.0,1.577176
4390.0,1.596662
4395.0,1.586208
4400.0,1.567894
4405.0,1.577240
4410.0,1.573716
4415.0,1.535876
4420.0,1.538277
4425.0,1.557981
4430.0,1.554698
4435.0,1.547274
4440.0,1.550974
4445.0,1.529160
4450.0,1.534943
4455.0,1.502291
4460.0,1.501949
4465.0,1.511815
4470.0,1.513627
4475.0,1.543387
4480.0,1.516306
4485.0,1.521957
4490.0,1.519632
4495.0,1.528975
4500.0,1.551637
4505.0,1.576517
4510.0,1.576546
4515.0,1.548105
4520.0,1.503524
4525.0,1.472823
4530.0,1.453702
4535.0,1.489177
4540.0,1.515885
4545.0,1.495316
4550.0,1.454895
4555.0,1.463529
4560.0,1.482918
4565.0,1.492095
4570.0,1.487553
4575.0,1.480601
4580.0,1.455071
4585.0,1.449342
4590.0,1.459272
4595.0,1.473261
4600.0,1.479329
4605.0,1.486153
4610.0,1.493168
4615.0,1.494452
4620.0,1.486034
4625.0,1.484745
4630.0,1.447152
4635.0,1.440193
4640.0,1.456039
4645.0,1.429392
4650.0,1.433057
4655.0,1.444285
4660.0,1.467819
4665.0,1.433143
4670.0,1.413214
4675.0,1.436183
4680.0,1.438960
4685.0,1.440042
4690.0,1.442514
4695.0,1.440644
4700.0,1.415695
4705.0,1.389523
4710.0,1.386241
4715.0,1.389629
4720.0,1.396876
4725.0,1.398155
4730.0,1.395677
4735.0,1.400218
4740.0,1.398224
4745.0,1.404825
4750.0,1.411161
4755.0,1.375436
4760.0,1.353056
4765.0,1.354565
4770.0,1.361817
4775.0,1.352661
4780.0,1.355421
4785.0,1.345301
4790.0,1.353619
4795.0,1.371502
4800.0,1.339051
4805.0,1.325863
4810.0,1.330001
4815.0,1.331277
4820.0,1.322668
4825.0,1.296095
4830.0,1.286998
4835.0,1.252008
4840.0,1.214314
4845.0,1.157371
4850.0,1.053549
4855.0,0.899588
4860.0,0.744571
4865.0,0.783862
4870.0,0.943044
4875.0,1.046731
4880.0,1.115826
4885.0,1.149338
4890.0,1.186133
4895.0,1.232488
4900.0,1.233666
4905.0,1.233588
4910.0,1.257353
4915.0,1.253774
4920.0,1.212940
4925.0,1.231745
4930.0,1.252356
4935.0,1.250686
4940.0,1.274402
4945.0,1.301447
4950.0,1.296680
4955.0,1.270384
4960.0,1.265903
4965.0,1.269868
4970.0,1.258582
4975.0,1.258053
4980.0,1.225195
4985.0,1.209575
4990.0,1.234195
4995.0,1.247777
5000.0,1.214341
5005.0,1.182723
5010.0,1.175382
5015.0,1.149618
5020.0,1.169726
5025.0,1.190164
5030.0,1.203792
5035.0,1.200052
5040.0,1.178900
5045.0,1.206553
5050.0,1.210401
5055.0,1.215191
5060.0,1.214395
5065.0,1.206024
5070.0,1.193120
5075.0,1.171543
5080.0,1.174702
5085.0,1.192982
5090.0,1.202456
5095.0,1.192021
5100.0,1.186575
5105.0,1.194051
5110.0,1.198932
5115.0,1.204432
5120.0,1.182289
5125.0,1.156722
5130.0,1.144106
5135.0,1.134778
5140.0,1.135652
5145.0,1.149665
5150.0,1.162781
5155.0,1.159293
5160.0,1.136371
5165.0,1.079155
5170.0,1.066954
5175.0,1.112566
5180.0,1.120980
5185.0,1.092980
5190.0,1.097713
5195.0,1.108155
5200.0,1.113041
5205.0,1.110940
5210.0,1.121962
5215.0,1.132640
5220.0,1.125361
5225.0,1.086602
5230.0,1.083487
5235.0,1.095953
5240.0,1.121117
5245.0,1.138344
5250.0,1.130309
5255.0,1.120423
5260.0,1.090384
5265.0,1.040804
5270.0,1.042163
5275.0,1.063576
5280.0,1.081711
5285.0,1.100117
5290.0,1.120896
5295.0,1.105081
5300.0,1.099590
5305.0,1.111234
5310.0,1.106673
5315.0,1.086864
5320.0,1.077497
5325.0,1.054791
5330.0,1.053020
5335.0,1.067271
5340.0,1.071573
5345.0,1.081214
5350.0,1.087953
5355.0,1.100872
5360.0,1.087519
5365.0,1.053483
5370.0,1.054366
5375.0,1.080616
5380.0,1.077910
5385.0,1.064767
5390.0,1.070878
5395.0,1.056956
5400.0,1.043993
5405.0,1.030358
5410.0,1.031828
5415.0,1.038660
5420.0,1.042144
5425.0,1.029883
5430.0,1.033392
5435.0,1.049967
5440.0,1.059436
5445.0,1.046034
5450.0,1.043371
5455.0,1.034944
5460.0,1.039051
5465.0,1.032902
5470.0,1.037523
5475.0,1.025205
5480.0,1.030733
5485.0,1.039258
5490.0,1.034448
5495.0,1.025617
5500.0,1.023942
5505.0,1.026637
5510.0,1.025763
5515.0,1.028644
5520.0,1.028873
5525.0,1.009545
5530.0,0.991709
5535.0,1.004903
5540.0,1.013369
5545.0,1.013279
5550.0,1.016468
5555.0,1.016664
5560.0,1.011394
5565.0,1.004110
5570.0,0.995657
5575.0,0.990604
5580.0,0.998079
5585.0,0.976259
5590.0,0.955463
5595.0,0.961300
5600.0,0.965128
5605.0,0.980374
5610.0,0.991281
5615.0,0.976794
5620.0,0.979376
5625.0,0.983298
5630.0,0.987536
5635.0,0.985655
5640.0,0.978716
5645.0,0.981128
5650.0,0.974501
5655.0,0.952505
5660.0,0.941576
5665.0,0.945163
5670.0,0.955813
5675.0,0.965239
5680.0,0.959003
5685.0,0.953617
5690.0,0.950541
5695.0,0.947968
5700.0,0.940426
5705.0,0.931980
5710.0,0.932974
5715.0,0.944228
5720.0,0.951344
5725.0,0.948619
5730.0,0.939895
5735.0,0.940201
5740.0,0.936913
5745.0,0.930806
5750.0,0.924396
5755.0,0.923405
5760.0,0.929500
5765.0,0.928848
5770.0,0.930685
5775.0,0.932338
5780.0,0.919459
5785.0,0.912574
5790.0,0.919335
5795.0,0.913133
5800.0,0.913249
5805.0,0.920081
5810.0,0.923437
5815.0,0.925480
5820.0,0.920734
5825.0,0.912951
5830.0,0.911681
5835.0,0.910280
5840.0,0.909685
5845.0,0.910854
5850.0,0.908223
5855.0,0.899253
5860.0,0.909243
5865.0,0.916884
5870.0,0.918282
5875.0,0.907717
5880.0,0.904099
5885.0,0.880297
5890.0,0.842442
5895.0,0.824906
5900.0,0.842538
5905.0,0.873885
5910.0,0.884063
5915.0,0.882406
5920.0,0.886263
5925.0,0.886103
5930.0,0.876776
5935.0,0.873403
5940.0,0.872644
5945.0,0.869767
5950.0,0.867563
5955.0,0.867156
5960.0,0.865364
5965.0,0.861874
5970.0,0.861555
5975.0,0.859631
5980.0,0.856134
5985.0,0.853984
5990.0,0.852873
5995.0,0.851242
6000.0,0.848165
6005.0,0.839112
6010.0,0.840124
6015.0,0.833565
6020.0,0.827835
6025.0,0.831159
6030.0,0.835809
6035.0,0.837809
6040.0,0.827333
6045.0,0.826618
6050.0,0.824020
6055.0,0.825198
6060.0,0.824183
6065.0,0.822239
6070.0,0.822388
6075.0,0.816074
6080.0,0.813355
6085.0,0.810703
6090.0,0.810001
6095.0,0.797866
6100.0,0.798583
6105.0,0.802685
6110.0,0.806261
6115.0,0.803253
6120.0,0.797629
6125.0,0.797654
6130.0,0.796027
6135.0,0.783265
6140.0,0.774076
6145.0,0.778424
6150.0,0.783128
6155.0,0.779885
6160.0,0.773141
6165.0,0.777567
6170.0,0.778466
6175.0,0.780252
6180.0,0.788572
6185.0,0.788835
6190.0,0.781115
6195.0,0.782950
6200.0,0.787021
6205.0,0.788035
6210.0,0.780914
6215.0,0.777084
6220.0,0.774025
6225.0,0.774280
6230.0,0.765470
6235.0,0.752363
6240.0,0.752243
6245.0,0.750708
6250.0,0.753671
6255.0,0.759658
6260.0,0.762268
6265.0,0.761433
6270.0,0.754027
6275.0,0.742097
6280.0,0.731723
6285.0,0.749317
6290.0,0.755062
6295.0,0.745926
6300.0,0.737599
6305.0,0.738442
6310.0,0.740980
6315.0,0.740337
6320.0,0.739409
6325.0,0.743175
6330.0,0.742883
6335.0,0.737307
6340.0,0.734841
6345.0,0.725966
6350.0,0.733395
6355.0,0.741703
6360.0,0.737000
6365.0,0.728846
6370.0,0.722186
6375.0,0.727546
6380.0,0.729706
6385.0,0.729520
6390.0,0.727229
6395.0,0.724182
6400.0,0.723382
6405.0,0.719790
6410.0,0.715853
6415.0,0.712412
6420.0,0.714993
6425.0,0.717055
6430.0,0.713044
6435.0,0.711662
6440.0,0.709928
6445.0,0.714966
6450.0,0.709352
6455.0,0.699029
6460.0,0.696763
6465.0,0.695992
6470.0,0.697374
6475.0,0.695323
6480.0,0.697180
6485.0,0.692848
6490.0,0.684328
6495.0,0.680393
6500.0,0.696936
6505.0,0.702307
6510.0,0.701140
6515.0,0.693609
6520.0,0.694082
6525.0,0.694097
6530.0,0.688438
6535.0,0.678738
6540.0,0.664680
6545.0,0.640924
6550.0,0.606293
6555.0,0.543432
6560.0,0.463832
6565.0,0.476570
6570.0,0.555859
6575.0,0.608636
6580.0,0.635526
6585.0,0.644653
6590.0,0.653929
6595.0,0.659899
6600.0,0.665257
6605.0,0.668476
6610.0,0.670371
6615.0,0.673079
6620.0,0.671766
6625.0,0.671618
6630.0,0.666828
6635.0,0.664429
6640.0,0.663748
6645.0,0.662228
6650.0,0.662044
6655.0,0.662440
6660.0,0.657156
6665.0,0.655042
6670.0,0.654266
6675.0,0.648998
6680.0,0.649321
6685.0,0.651865
6690.0,0.648407
6695.0,0.648651
6700.0,0.653646
6705.0,0.654614
6710.0,0.652110
6715.0,0.646606
6720.0,0.644169
6725.0,0.645507
6730.0,0.643570
6735.0,0.642878
6740.0,0.639219
6745.0,0.636379
6750.0,0.635823
6755.0,0.632825
6760.0,0.633654
6765.0,0.635487
6770.0,0.634886
6775.0,0.633284
6780.0,0.632781
6785.0,0.633909
6790.0,0.633173
6795.0,0.631067
6800.0,0.628959
6805.0,0.624424
6810.0,0.626002
6815.0,0.626004
6820.0,0.622519
6825.0,0.617500
6830.0,0.618079
6835.0,0.616881
6840.0,0.612980
6845.0,0.611957
6850.0,0.610918
6855.0,0.609875
6860.0,0.608856
6865.0,0.607801
6870.0,0.606707
6875.0,0.605677
6880.0,0.604652
6885.0,0.603619
6890.0,0.602539
6895.0,0.601509
6900.0,0.600487
6905.0,0.599469
6910.0,0.598451
6915.0,0.597462
6920.0,0.596505
6925.0,0.595532
6930.0,0.594600
6935.0,0.593683
6940.0,0.592853
6945.0,0.591973
6950.0,0.591036
6955.0,0.590078
6960.0,0.589131
6965.0,0.588161
6970.0,0.587233
6975.0,0.593896
6980.0,0.591895
6985.0,0.587983
6990.0,0.582457
6995.0,0.580866
7000.0,0.575438
7005.0,0.573633
7010.0,0.577704
7015.0,0.575907
7020.0,0.574458
7025.0,0.570662
7030.0,0.573579
7035.0,0.573511
7040.0,0.576376
7045.0,0.576802
7050.0,0.574759
7055.0,0.575392
7060.0,0.576458
7065.0,0.573121
7070.0,0.573141
7075.0,0.574643
7080.0,0.571269
7085.0,0.569565
7090.0,0.573032
7095.0,0.571905
7100.0,0.566168
7105.0,0.562914
7110.0,0.560490
7115.0,0.553648
7120.0,0.554713
7125.0,0.562037
7130.0,0.564513
7135.0,0.565617
7140.0,0.562621
7145.0,0.557727
7150.0,0.556457
7155.0,0.560746
7160.0,0.556527
7165.0,0.547928
7170.0,0.546380
7175.0,0.541513
7180.0,0.537369
7185.0,0.525984
7190.0,0.530167
7195.0,0.529210
7200.0,0.529201
7205.0,0.531282
7210.0,0.540121
7215.0,0.548727
7220.0,0.547158
7225.0,0.543353
7230.0,0.538155
7235.0,0.533747
7240.0,0.529634
7245.0,0.529799
7250.0,0.526442
7255.0,0.522825
7260.0,0.527127
7265.0,0.527478
7270.0,0.528897
7275.0,0.523113
7280.0,0.523365
7285.0,0.516525
7290.0,0.510570
7295.0,0.517843
7300.0,0.522326
7305.0,0.516497
7310.0,0.516446
7315.0,0.515528
7320.0,0.516343
7325.0,0.513830
7330.0,0.512883
7335.0,0.513683
7340.0,0.517380
7345.0,0.512398
7350.0,0.507556
7355.0,0.508223
7360.0,0.507283
7365.0,0.506892
7370.0,0.505775
7375.0,0.507127
7380.0,0.506612
7385.0,0.502325
7390.0,0.502533
7395.0,0.501751
7400.0,0.504004
7405.0,0.507774
7410.0,0.498814
7415.0,0.499717
7420.0,0.504802
7425.0,0.496951
7430.0,0.498651
7435.0,0.499102
7440.0,0.495599
7445.0,0.492766
7450.0,0.494839
7455.0,0.496749
7460.0,0.492671
7465.0,0.491711
7470.0,0.494137
7475.0,0.492796
7480.0,0.493055
7485.0,0.491521
7490.0,0.488956
7495.0,0.487602
7500.0,0.488012
7505.0,0.484723
7510.0,0.481941
7515.0,0.483781
7520.0,0.486725
7525.0,0.485500
7530.0,0.483099
7535.0,0.484156
7540.0,0.485488
7545.0,0.483411
7550.0,0.480123
7555.0,0.479294
7560.0,0.478379
7565.0,0.477464
7570.0,0.476495
7575.0,0.475510
7580.0,0.474576
7585.0,0.473700
7590.0,0.472815
7595.0,0.471915
7600.0,0.471074
7605.0,0.470236
7610.0,0.469369
7615.0,0.468490
7620.0,0.467618
7625.0,0.466753
7630.0,0.465894
7635.0,0.465042
7640.0,0.464197
7645.0,0.463359
7650.0,0.462528
7655.0,0.461704
7660.0,0.460886
7665.0,0.460071
7670.0,0.459284
7675.0,0.458476
7680.0,0.457668
7685.0,0.456862
7690.0,0.456077
7695.0,0.455280
7700.0,0.454481
7705.0,0.453856
7710.0,0.453609
7715.0,0.453294
7720.0,0.452686
7725.0,0.451950
7730.0,0.450289
7735.0,0.451858
7740.0,0.448964
7745.0,0.448168
7750.0,0.448624
7755.0,0.448501
7760.0,0.447169
7765.0,0.438489
7770.0,0.419588
7775.0,0.420532
7780.0,0.435720
7785.0,0.443349
7790.0,0.444448
7795.0,0.442808
7800.0,0.441080
7805.0,0.440445
7810.0,0.442323
7815.0,0.442088
7820.0,0.441615
7825.0,0.439014
7830.0,0.433520
7835.0,0.432501
7840.0,0.432990
7845.0,0.432333
7850.0,0.434043
7855.0,0.433224
7860.0,0.431478
7865.0,0.431165
7870.0,0.430157
7875.0,0.426057
7880.0,0.426772
7885.0,0.428167
7890.0,0.423060
7895.0,0.419423
7900.0,0.421530
7905.0,0.424180
7910.0,0.424352
7915.0,0.424062
7920.0,0.420158
7925.0,0.416853
7930.0,0.415294
7935.0,0.415006
7940.0,0.413608
7945.0,0.412384
7950.0,0.414605
7955.0,0.416085
7960.0,0.416298
7965.0,0.415953
7970.0,0.415079
7975.0,0.415316
7980.0,0.414709
7985.0,0.413058
7990.0,0.413386
7995.0,0.409806
8000.0,0.408150
8005.0,0.407647
8010.0,0.407659
8015.0,0.407388
8020.0,0.406839
8025.0,0.406423
8030.0,0.404863
8035.0,0.404783
8040.0,0.402586
8045.0,0.401273
8050.0,0.401988
8055.0,0.402913
8060.0,0.403466
8065.0,0.402220
8070.0,0.402126
8075.0,0.400977
8080.0,0.399423
8085.0,0.398065
8090.0,0.399635
8095.0,0.398858
8100.0,0.398052
8105.0,0.399007
8110.0,0.398728
8115.0,0.395674
8120.0,0.395552
8125.0,0.396740
8130.0,0.394374
8135.0,0.393047
8140.0,0.392457
8145.0,0.390685
8150.0,0.388781
8155.0,0.386843
8160.0,0.383822
8165.0,0.384326
8170.0,0.386910
8175.0,0.384385
8180.0,0.381438
8185.0,0.382957
8190.0,0.383672
8195.0,0.383818
8200.0,0.385700
8205.0,0.389313
8210.0,0.386594
8215.0,0.384094
8220.0,0.379119
8225.0,0.372073
8230.0,0.372068
8235.0,0.380049
8240.0,0.381241
8245.0,0.380807
8250.0,0.381332
8255.0,0.379314
8260.0,0.381129
8265.0,0.381687
8270.0,0.377958
8275.0,0.376626
8280.0,0.376720
8285.0,0.375389
8290.0,0.374933
8295.0,0.374467
8300.0,0.375009
8305.0,0.373612
8310.0,0.373204
8315.0,0.372217
8320.0,0.370589
8325.0,0.370519
8330.0,0.368536
8335.0,0.368278
8340.0,0.368726
8345.0,0.372119
8350.0,0.371469
8355.0,0.370030
8360.0,0.371352
8365.0,0.369756
8370.0,0.369090
8375.0,0.369059
8380.0,0.369831
8385.0,0.367562
8390.0,0.365596
8395.0,0.368522
8400.0,0.369784
8405.0,0.366263
8410.0,0.363246
8415.0,0.365131
8420.0,0.370287
8425.0,0.372411
8430.0,0.364794
8435.0,0.356325
8440.0,0.354067
8445.0,0.355098
8450.0,0.364092
8455.0,0.366517
8460.0,0.359570
8465.0,0.354007
8470.0,0.356793
8475.0,0.364347
8480.0,0.369407
8485.0,0.368530
8490.0,0.358395
8495.0,0.333398
8500.0,0.327105
8505.0,0.344141
8510.0,0.358538
8515.0,0.362383
8520.0,0.364836
8525.0,0.363438
8530.0,0.355194
8535.0,0.327235
8540.0,0.294131
8545.0,0.305180
8550.0,0.336614
8555.0,0.352864
8560.0,0.360212
8565.0,0.363010
8570.0,0.363051
8575.0,0.362422
8580.0,0.357096
8585.0,0.348023
8590.0,0.331708
8595.0,0.318958
8600.0,0.325975
8605.0,0.338767
8610.0,0.350924
8615.0,0.358672
8620.0,0.361496
8625.0,0.363180
8630.0,0.364755
8635.0,0.364457
8640.0,0.359210
8645.0,0.352308
8650.0,0.341125
8655.0,0.315637
8660.0,0.281833
8665.0,0.286811
8670.0,0.312045
8675.0,0.327542
8680.0,0.335674
8685.0,0.343765
8690.0,0.350910
8695.0,0.355843
8700.0,0.361393
8705.0,0.361681
8710.0,0.359309
8715.0,0.358994
8720.0,0.357138
8725.0,0.351625
8730.0,0.344492
8735.0,0.333759
8740.0,0.317839
8745.0,0.301160
8750.0,0.292482
8755.0,0.309328
8760.0,0.329731
8765.0,0.340441
8770.0,0.345546
8775.0,0.348185
8780.0,0.349259
8785.0,0.348520
8790.0,0.347425
8795.0,0.349330
8800.0,0.348215
8805.0,0.345299
8810.0,0.346822
8815.0,0.347519
8820.0,0.347119
8825.0,0.346978
8830.0,0.345005
8835.0,0.337281
8840.0,0.329315
8845.0,0.322705
8850.0,0.310856
8855.0,0.292110
8860.0,0.273715
8865.0,0.281994
8870.0,0.300348
8875.0,0.314094
8880.0,0.323811
8885.0,0.331804
8890.0,0.334217
8895.0,0.334917
8900.0,0.339030
8905.0,0.336815
8910.0,0.333786
8915.0,0.337841
8920.0,0.337444
8925.0,0.326291
8930.0,0.342329
8935.0,0.347894
8940.0,0.347024
8945.0,0.345664
8950.0,0.342173
8955.0,0.345208
8960.0,0.343236
8965.0,0.340097
8970.0,0.336763
8975.0,0.335500
8980.0,0.330918
8985.0,0.316556
8990.0,0.310053
8995.0,0.314482
9000.0,0.301692
9005.0,0.286198
9010.0,0.261340
9015.0,0.261661
9020.0,0.282823
9025.0,0.304201
9030.0,0.326246
9035.0,0.338764
9040.0,0.343256
9045.0,0.346994
9050.0,0.350697
9055.0,0.336969
9060.0,0.327375
9065.0,0.328953
9070.0,0.326025
9075.0,0.318483
9080.0,0.317694
9085.0,0.313419
9090.0,0.315255
9095.0,0.319515
9100.0,0.324659
9105.0,0.328052
9110.0,0.328987
9115.0,0.329495
9120.0,0.332532
9125.0,0.330691
9130.0,0.320534
9135.0,0.324862
9140.0,0.331629
9145.0,0.330416
9150.0,0.319436
9155.0,0.318648
9160.0,0.326126
9165.0,0.327731
9170.0,0.321173
9175.0,0.320969
9180.0,0.323593
9185.0,0.328771
9190.0,0.327418
9195.0,0.328267
9200.0,0.325639
9205.0,0.310254
9210.0,0.294491
9215.0,0.280655
9220.0,0.270912
9225.0,0.248714
9230.0,0.253019
9235.0,0.271347
9240.0,0.283489
9245.0,0.298548
9250.0,0.307803
9255.0,0.311930
9260.0,0.313825
9265.0,0.322524
9270.0,0.330666
9275.0,0.331372
9280.0,0.332710
9285.0,0.340187
9290.0,0.324989
9295.0,0.319779
9300.0,0.316986
9305.0,0.302465
9310.0,0.293717
9315.0,0.280779
9320.0,0.278451
9325.0,0.278510
9330.0,0.278267
9335.0,0.265136
9340.0,0.246742
9345.0,0.271876
9350.0,0.281254
9355.0,0.266483
9360.0,0.284085
9365.0,0.280380
9370.0,0.286572
9375.0,0.286860
9380.0,0.296194
9385.0,0.318847
9390.0,0.337033
9395.0,0.342381
9400.0,0.328521
9405.0,0.314763
9410.0,0.308868
9415.0,0.313563
9420.0,0.304226
9425.0,0.278724
9430.0,0.285204
9435.0,0.282771
9440.0,0.272457
9445.0,0.289528
9450.0,0.293854
9455.0,0.276771
9460.0,0.282902
9465.0,0.294050
9470.0,0.301272
9475.0,0.290614
9480.0,0.287295
9485.0,0.311285
9490.0,0.297726
9495.0,0.271219
9500.0,0.280237
9505.0,0.306681
9510.0,0.310510
9515.0,0.285755
9520.0,0.265711
9525.0,0.266192
9530.0,0.268074
9535.0,0.256699
9540.0,0.225321
9545.0,0.224369
9550.0,0.228584
9555.0,0.235206
9560.0,0.262991
9565.0,0.261273
9570.0,0.282505
9575.0,0.291136
9580.0,0.278593
9585.0,0.268843
9590.0,0.266946
9595.0,0.267897
9600.0,0.277815
9605.0,0.285179
9610.0,0.288366
9615.0,0.275375
9620.0,0.268360
9625.0,0.278910
9630.0,0.279862
9635.0,0.270074
9640.0,0.277252
9645.0,0.274579
9650.0,0.277189
9655.0,0.262677
9660.0,0.271316
9665.0,0.270211
9670.0,0.275777
9675.0,0.290433
9680.0,0.282941
9685.0,0.278232
9690.0,0.282303
9695.0,0.281795
9700.0,0.278416
9705.0,0.286134
9710.0,0.275201
9715.0,0.273498
9720.0,0.274450
9725.0,0.271872
9730.0,0.273087
9735.0,0.260347
9740.0,0.259882
9745.0,0.259142
9750.0,0.261664
9755.0,0.256324
9760.0,0.259537
9765.0,0.271031
9770.0,0.268080
9775.0,0.272214
9780.0,0.267642
9785.0,0.262736
9790.0,0.267326
9795.0,0.263769
9800.0,0.258428
9805.0,0.261633
9810.0,0.260227
9815.0,0.262530
9820.0,0.266389
9825.0,0.263409
9830.0,0.261863
9835.0,0.260854
9840.0,0.262516
9845.0,0.259865
9850.0,0.261032
9855.0,0.252808
9860.0,0.255468
9865.0,0.259198
9870.0,0.262919
9875.0,0.259325
9880.0,0.254563
9885.0,0.261951
9890.0,0.262397
9895.0,0.250539
9900.0,0.272445
9905.0,0.261283
9910.0,0.265019
9915.0,0.261713
9920.0,0.255365
9925.0,0.255092
9930.0,0.244654
9935.0,0.254838
9940.0,0.250810
9945.0,0.253957
9950.0,0.238923
9955.0,0.253504
9960.0,0.261877
9965.0,0.246829
9970.0,0.242709
9975.0,0.254024
9980.0,0.222900
9985.0,0.242735
9990.0,0.244013
9995.0,0.261105
10000.0,0.251238
