wavelength_angstrom,normalized_flux
3000.0,5.237612
3005.0,5.073892
3010.0,5.192192
3015.0,5.153139
3020.0,5.051691
3025.0,4.899586
3030.0,4.772616
3035.0,5.030966
3040.0,5.129155
3045.0,5.074172
3050.0,4.984714
3055.0,5.088811
3060.0,4.988318
3065.0,4.985002
3070.0,5.121455
3075.0,5.256927
3080.0,5.309022
3085.0,5.279019
3090.0,5.326923
3095.0,5.228771
3100.0,5.112443
3105.0,5.086141
3110.0,5.099545
3115.0,5.174160
3120.0,5.122864
3125.0,5.160694
3130.0,5.195555
3135.0,5.115995
3140.0,5.107400
3145.0,5.105506
3150.0,5.159288
3155.0,5.100055
3160.0,5.046724
3165.0,5.117314
3170.0,5.179922
3175.0,5.120020
3180.0,4.954012
3185.0,5.023386
3190.0,5.261084
3195.0,4.871056
3200.0,4.742268
3205.0,4.723442
3210.0,4.705264
3215.0,4.687598
3220.0,4.670311
3225.0,4.653269
3230.0,4.636336
3235.0,4.619378
3240.0,4.602260
3245.0,4.584849
3250.0,4.567010
3255.0,4.548644
3260.0,4.529795
3265.0,4.510541
3270.0,4.490964
3275.0,4.471142
3280.0,4.451153
3285.0,4.431079
3290.0,4.410998
3295.0,4.390990
3300.0,4.371134
3305.0,4.351486
3310.0,4.332010
3315.0,4.312647
3320.0,4.293337
3325.0,4.274020
3330.0,4.254637
3335.0,4.235130
3340.0,4.215436
3345.0,4.195499
3350.0,4.175258
3355.0,4.154689
3360.0,4.133916
3365.0,4.113097
3370.0,4.092389
3375.0,4.071952
3380.0,4.051945
3385.0,4.032526
3390.0,4.013853
3395.0,3.996086
3400.0,3.979382
3405.0,3.963829
3410.0,3.949233
3415.0,3.935328
3420.0,3.921850
3425.0,3.908531
3430.0,3.895107
3435.0,3.881313
3440.0,3.866883
3445.0,3.851550
3450.0,3.835052
3455.0,3.817201
3460.0,3.798142
3465.0,3.778095
3470.0,3.757285
3475.0,3.735934
3480.0,3.714265
3485.0,3.692501
3490.0,3.670864
3495.0,3.649578
3500.0,3.628866
3505.0,3.608901
3510.0,3.429543
3515.0,3.423938
3520.0,3.417347
3525.0,3.392001
3530.0,3.402406
3535.0,3.478113
3540.0,3.431382
3545.0,3.359269
3550.0,3.321185
3555.0,3.308460
3560.0,3.352962
3565.0,3.355890
3570.0,3.350457
3575.0,3.324009
3580.0,3.311741
3585.0,3.266169
3590.0,3.259870
3595.0,3.229666
3600.0,3.154844
3605.0,3.208520
3610.0,3.231754
3615.0,3.139210
3620.0,3.201274
3625.0,3.200153
3630.0,3.011303
3635.0,2.954048
3640.0,3.096570
3645.0,3.085910
3650.0,3.101150
3655.0,3.101083
3660.0,3.115252
3665.0,3.106951
3670.0,3.083442
3675.0,3.135098
3680.0,3.121872
3685.0,3.065509
3690.0,3.071783
3695.0,3.016466
3700.0,3.007968
3705.0,2.911268
3710.0,3.052044
3715.0,3.187859
3720.0,3.084663
3725.0,3.128487
3730.0,3.197772
3735.0,3.085870
3740.0,3.360993
3745.0,3.308505
3750.0,3.034148
3755.0,3.256056
3760.0,3.415236
3765.0,3.261799
3770.0,3.061951
3775.0,3.286268
3780.0,3.446079
3785.0,3.407203
3790.0,3.356056
3795.0,3.108603
3800.0,3.100788
3805.0,3.316078
3810.0,3.445807
3815.0,3.363542
3820.0,3.234468
3825.0,3.293835
3830.0,3.100412
3835.0,2.801269
3840.0,3.049429
3845.0,3.235647
3850.0,3.264982
3855.0,3.256268
3860.0,3.250956
3865.0,3.188838
3870.0,3.153281
3875.0,3.179305
3880.0,3.176559
3885.0,2.973772
3890.0,2.780901
3895.0,3.075660
3900.0,3.190658
3905.0,3.225214
3910.0,3.156310
3915.0,3.087626
3920.0,3.003518
3925.0,2.973977
3930.0,2.891438
3935.0,2.884478
3940.0,3.067256
3945.0,3.101714
3950.0,3.070925
3955.0,3.027480
3960.0,2.971784
3965.0,2.679076
3970.0,2.473683
3975.0,2.851043
3980.0,2.986284
3985.0,2.974729
3990.0,2.959828
3995.0,2.848335
4000.0,2.884041
4005.0,2.829105
4010.0,2.802388
4015.0,2.869693
4020.0,2.800618
4025.0,2.616787
4030.0,2.746608
4035.0,2.789818
4040.0,2.719918
4045.0,2.713592
4050.0,2.749013
4055.0,2.720338
4060.0,2.712235
4065.0,2.669138
4070.0,2.579947
4075.0,2.553409
4080.0,2.587605
4085.0,2.579479
4090.0,2.567555
4095.0,2.481457
4100.0,2.266193
4105.0,2.405041
4110.0,2.590069
4115.0,2.534445
4120.0,2.488911
4125.0,2.551997
4130.0,2.556989
4135.0,2.536048
4140.0,2.464215
4145.0,2.482469
4150.0,2.557415
4155.0,2.531684
4160.0,2.518767
4165.0,2.510872
4170.0,2.483027
4175.0,2.438762
4180.0,2.446309
4185.0,2.444057
4190.0,2.426139
4195.0,2.428812
4200.0,2.410853
4205.0,2.424555
4210.0,2.437006
4215.0,2.439065
4220.0,2.387807
4225.0,2.350751
4230.0,2.375497
4235.0,2.382778
4240.0,2.343676
4245.0,2.334279
4250.0,2.331599
4255.0,2.325214
4260.0,2.327150
4265.0,2.292152
4270.0,2.280951
4275.0,2.275069
4280.0,2.279409
4285.0,2.268791
4290.0,2.298856
4295.0,2.266306
4300.0,2.254178
4305.0,2.304303
4310.0,2.292745
4315.0,2.229102
4320.0,2.225754
4325.0,2.250612
4330.0,2.207435
4335.0,2.089776
4340.0,1.926230
4345.0,1.990057
4350.0,2.084209
4355.0,2.186278
4360.0,2.203703
4365.0,2.157266
4370.0,2.163799
4375.0,2.189750
4380.0,2.148814
4385.0,2.066877
4390.0,2.066079
4395.0,2.154936
4400.0,2.155372
4405.0,2.129954
4410.0,2.072661
4415.0,2.012531
4420.0,2.004404
4425.0,1.979682
4430.0,1.935472
4435.0,1.956416
4440.0,2.013014
4445.0,2.016873
4450.0,2.021617
4455.0,2.058594
4460.0,2.085881
4465.0,2.016951
4470.0,1.893638
4475.0,1.940715
4480.0,1.985148
4485.0,2.052221
4490.0,2.084150
4495.0,2.084294
4500.0,2.061444
4505.0,2.036040
4510.0,2.008750
4515.0,2.005816
4520.0,2.018928
4525.0,1.996256
4530.0,2.007280
4535.0,2.028233
4540.0,1.986975
4545.0,1.928450
4550.0,1.856194
4555.0,1.872308
4560.0,1.938182
4565.0,1.881973
4570.0,1.894549
4575.0,1.898947
4580.0,1.931248
4585.0,1.904368
4590.0,1.869290
4595.0,1.870223
4600.0,1.838723
4605.0,1.832204
4610.0,1.853039
4615.0,1.868581
4620.0,1.852394
4625.0,1.848506
4630.0,1.797748
4635.0,1.819450
4640.0,1.755905
4645.0,1.765655
4650.0,1.761948
4655.0,1.836479
4660.0,1.833506
4665.0,1.845989
4670.0,1.848025
4675.0,1.816752
4680.0,1.845384
4685.0,1.832237
4690.0,1.804241
4695.0,1.792616
4700.0,1.802330
4705.0,1.785012
4710.0,1.740752
4715.0,1.726955
4720.0,1.773543
4725.0,1.756253
4730.0,1.729349
4735.0,1.705313
4740.0,1.719123
4745.0,1.737093
4750.0,1.738935
4755.0,1.720340
4760.0,1.696008
4765.0,1.690686
4770.0,1.705536
4775.0,1.685225
4780.0,1.673869
4785.0,1.674757
4790.0,1.683672
4795.0,1.680187
4800.0,1.651774
4805.0,1.632723
4810.0,1.642548
4815.0,1.647905
4820.0,1.653353
4825.0,1.641035
4830.0,1.663729
4835.0,1.696638
4840.0,1.728305
4845.0,1.687173
4850.0,1.615114
4855.0,1.489520
4860.0,1.318068
4865.0,1.456017
4870.0,1.603037
4875.0,1.612845
4880.0,1.617812
4885.0,1.616550
4890.0,1.607221
4895.0,1.607261
4900.0,1.586258
4905.0,1.606337
4910.0,1.587490
4915.0,1.566103
4920.0,1.468704
4925.0,1.478720
4930.0,1.529275
4935.0,1.574217
4940.0,1.585923
4945.0,1.584400
4950.0,1.578917
4955.0,1.573929
4960.0,1.547766
4965.0,1.532031
4970.0,1.510492
4975.0,1.514321
4980.0,1.515823
4985.0,1.513543
4990.0,1.528838
4995.0,1.517547
5000.0,1.475870
5005.0,1.469293
5010.0,1.454944
5015.0,1.424716
5020.0,1.460114
5025.0,1.441434
5030.0,1.429422
5035.0,1.428785
5040.0,1.389626
5045.0,1.385463
5050.0,1.422352
5055.0,1.411685
5060.0,1.412527
5065.0,1.422540
5070.0,1.407515
5075.0,1.393436
5080.0,1.402369
5085.0,1.403156
5090.0,1.417846
5095.0,1.410343
5100.0,1.396537
5105.0,1.393135
5110.0,1.367245
5115.0,1.382906
5120.0,1.374254
5125.0,1.352798
5130.0,1.347187
5135.0,1.345430
5140.0,1.347272
5145.0,1.345391
5150.0,1.334316
5155.0,1.319436
5160.0,1.338213
5165.0,1.332534
5170.0,1.313406
5175.0,1.289124
5180.0,1.294199
5185.0,1.305176
5190.0,1.315483
5195.0,1.325588
5200.0,1.317898
5205.0,1.302764
5210.0,1.296579
5215.0,1.282948
5220.0,1.269548
5225.0,1.285730
5230.0,1.273689
5235.0,1.260424
5240.0,1.245394
5245.0,1.248223
5250.0,1.249643
5255.0,1.239370
5260.0,1.235395
5265.0,1.236897
5270.0,1.239061
5275.0,1.234635
5280.0,1.224302
5285.0,1.199720
5290.0,1.194717
5295.0,1.195646
5300.0,1.194233
5305.0,1.191382
5310.0,1.206180
5315.0,1.205258
5320.0,1.183944
5325.0,1.182527
5330.0,1.189936
5335.0,1.180284
5340.0,1.154471
5345.0,1.158355
5350.0,1.156334
5355.0,1.142545
5360.0,1.135848
5365.0,1.141437
5370.0,1.161326
5375.0,1.166728
5380.0,1.162673
5385.0,1.133994
5390.0,1.137442
5395.0,1.121066
5400.0,1.105071
5405.0,1.094066
5410.0,1.097488
5415.0,1.111804
5420.0,1.104474
5425.0,1.106399
5430.0,1.102154
5435.0,1.091601
5440.0,1.085940
5445.0,1.086559
5450.0,1.066421
5455.0,1.068132
5460.0,1.066704
5465.0,1.063345
5470.0,1.060191
5475.0,1.037932
5480.0,1.034625
5485.0,1.045127
5490.0,1.038793
5495.0,1.051696
5500.0,1.066354
5505.0,1.056648
5510.0,1.035767
5515.0,1.037285
5520.0,1.029352
5525.0,1.018348
5530.0,1.014162
5535.0,1.006132
5540.0,0.993013
5545.0,0.997057
5550.0,0.995339
5555.0,1.004414
5560.0,1.003566
5565.0,0.983864
5570.0,0.979161
5575.0,0.978567
5580.0,0.979152
5585.0,0.978670
5590.0,0.985387
5595.0,0.975158
5600.0,0.978956
5605.0,0.980248
5610.0,0.958784
5615.0,0.952305
5620.0,0.959961
5625.0,0.943179
5630.0,0.932737
5635.0,0.933267
5640.0,0.931161
5645.0,0.939256
5650.0,0.945646
5655.0,0.941751
5660.0,0.931917
5665.0,0.915374
5670.0,0.911729
5675.0,0.894162
5680.0,0.895599
5685.0,0.902099
5690.0,0.900083
5695.0,0.883642
5700.0,0.889534
5705.0,0.894531
5710.0,0.896620
5715.0,0.891013
5720.0,0.885600
5725.0,0.879461
5730.0,0.866053
5735.0,0.865648
5740.0,0.854624
5745.0,0.858194
5750.0,0.858308
5755.0,0.869123
5760.0,0.880785
5765.0,0.871810
5770.0,0.854495
5775.0,0.837990
5780.0,0.820663
5785.0,0.834828
5790.0,0.839562
5795.0,0.830678
5800.0,0.848681
5805.0,0.854205
5810.0,0.838658
5815.0,0.829687
5820.0,0.836544
5825.0,0.843412
5830.0,0.836598
5835.0,0.827291
5840.0,0.827161
5845.0,0.844559
5850.0,0.837854
5855.0,0.826937
5860.0,0.826175
5865.0,0.824912
5870.0,0.805219
5875.0,0.758783
5880.0,0.773061
5885.0,0.793307
5890.0,0.750312
5895.0,0.758653
5900.0,0.794086
5905.0,0.813692
5910.0,0.810625
5915.0,0.806745
5920.0,0.796947
5925.0,0.799453
5930.0,0.796635
5935.0,0.786127
5940.0,0.777842
5945.0,0.770307
5950.0,0.766722
5955.0,0.770629
5960.0,0.774589
5965.0,0.773821
5970.0,0.771076
5975.0,0.769639
5980.0,0.766322
5985.0,0.761025
5990.0,0.759265
5995.0,0.759476
6000.0,0.762804
6005.0,0.762400
6010.0,0.757659
6015.0,0.756142
6020.0,0.752275
6025.0,0.758071
6030.0,0.765183
6035.0,0.746240
6040.0,0.742481
6045.0,0.747805
6050.0,0.742472
6055.0,0.734902
6060.0,0.734982
6065.0,0.735173
6070.0,0.732065
6075.0,0.730551
6080.0,0.724031
6085.0,0.725675
6090.0,0.724401
6095.0,0.721371
6100.0,0.714984
6105.0,0.716705
6110.0,0.718296
6115.0,0.713765
6120.0,0.710579
6125.0,0.709461
6130.0,0.707859
6135.0,0.707661
6140.0,0.702670
6145.0,0.700009
6150.0,0.697834
6155.0,0.694133
6160.0,0.693717
6165.0,0.691651
6170.0,0.689123
6175.0,0.686304
6180.0,0.693719
6185.0,0.689902
6190.0,0.683340
6195.0,0.683139
6200.0,0.678157
6205.0,0.679456
6210.0,0.674149
6215.0,0.671279
6220.0,0.673397
6225.0,0.670216
6230.0,0.667604
6235.0,0.670159
6240.0,0.668572
6245.0,0.667490
6250.0,0.665544
6255.0,0.662453
6260.0,0.664247
6265.0,0.659696
6270.0,0.654643
6275.0,0.647086
6280.0,0.629039
6285.0,0.636459
6290.0,0.643817
6295.0,0.635982
6300.0,0.634379
6305.0,0.636551
6310.0,0.636579
6315.0,0.636579
6320.0,0.637643
6325.0,0.635457
6330.0,0.634405
6335.0,0.634183
6340.0,0.632710
6345.0,0.628861
6350.0,0.628092
6355.0,0.627061
6360.0,0.625441
6365.0,0.622494
6370.0,0.623366
6375.0,0.620587
6380.0,0.616979
6385.0,0.614986
6390.0,0.612568
6395.0,0.609916
6400.0,0.607507
6405.0,0.604103
6410.0,0.605850
6415.0,0.605689
6420.0,0.604165
6425.0,0.605185
6430.0,0.601888
6435.0,0.600886
6440.0,0.600392
6445.0,0.595011
6450.0,0.595275
6455.0,0.593941
6460.0,0.593910
6465.0,0.590390
6470.0,0.584587
6475.0,0.581069
6480.0,0.578013
6485.0,0.573659
6490.0,0.574118
6495.0,0.572479
6500.0,0.575800
6505.0,0.576692
6510.0,0.578739
6515.0,0.573916
6520.0,0.574801
6525.0,0.572694
6530.0,0.571006
6535.0,0.567981
6540.0,0.567044
6545.0,0.562140
6550.0,0.552288
6555.0,0.533525
6560.0,0.494757
6565.0,0.433903
6570.0,0.492274
6575.0,0.537006
6580.0,0.540040
6585.0,0.546863
6590.0,0.554403
6595.0,0.556579
6600.0,0.553129
6605.0,0.554275
6610.0,0.554183
6615.0,0.550721
6620.0,0.549579
6625.0,0.547584
6630.0,0.539714
6635.0,0.536867
6640.0,0.534490
6645.0,0.531760
6650.0,0.533476
6655.0,0.530503
6660.0,0.529591
6665.0,0.525970
6670.0,0.525262
6675.0,0.511948
6680.0,0.480373
6685.0,0.503385
6690.0,0.520936
6695.0,0.520518
6700.0,0.517731
6705.0,0.515968
6710.0,0.516474
6715.0,0.513526
6720.0,0.511877
6725.0,0.506977
6730.0,0.510960
6735.0,0.509738
6740.0,0.507655
6745.0,0.505091
6750.0,0.504152
6755.0,0.501915
6760.0,0.500176
6765.0,0.501858
6770.0,0.498210
6775.0,0.497523
6780.0,0.495828
6785.0,0.489314
6790.0,0.492168
6795.0,0.493408
6800.0,0.490831
6805.0,0.491524
6810.0,0.490860
6815.0,0.491187
6820.0,0.489090
6825.0,0.489022
6830.0,0.486573
6835.0,0.485505
6840.0,0.484433
6845.0,0.483313
6850.0,0.482019
6855.0,0.480892
6860.0,0.479831
6865.0,0.478716
6870.0,0.477674
6875.0,0.476629
6880.0,0.475639
6885.0,0.474608
6890.0,0.473598
6895.0,0.472534
6900.0,0.471464
6905.0,0.470390
6910.0,0.469312
6915.0,0.468228
6920.0,0.467196
6925.0,0.466208
6930.0,0.465338
6935.0,0.464461
6940.0,0.463569
6945.0,0.462699
6950.0,0.461825
6955.0,0.460923
6960.0,0.459942
6965.0,0.459010
6970.0,0.458016
6975.0,0.456995
6980.0,0.454349
6985.0,0.452177
6990.0,0.447883
6995.0,0.447594
7000.0,0.446436
7005.0,0.445305
7010.0,0.445424
7015.0,0.444106
7020.0,0.445370
7025.0,0.442250
7030.0,0.441868
7035.0,0.443231
7040.0,0.442298
7045.0,0.440922
7050.0,0.439757
7055.0,0.435862
7060.0,0.433663
7065.0,0.417537
7070.0,0.416872
7075.0,0.434102
7080.0,0.432670
7085.0,0.431716
7090.0,0.430965
7095.0,0.429762
7100.0,0.427439
7105.0,0.427750
7110.0,0.428087
7115.0,0.428063
7120.0,0.426072
7125.0,0.427547
7130.0,0.426637
7135.0,0.426364
7140.0,0.427632
7145.0,0.423686
7150.0,0.423608
7155.0,0.423272
7160.0,0.421447
7165.0,0.416765
7170.0,0.407280
7175.0,0.399756
7180.0,0.397490
7185.0,0.390362
7190.0,0.385687
7195.0,0.391404
7200.0,0.393164
7205.0,0.391460
7210.0,0.403535
7215.0,0.413903
7220.0,0.414301
7225.0,0.414155
7230.0,0.407973
7235.0,0.391160
7240.0,0.392745
7245.0,0.393508
7250.0,0.397403
7255.0,0.392116
7260.0,0.399016
7265.0,0.392446
7270.0,0.392475
7275.0,0.385319
7280.0,0.376640
7285.0,0.382305
7290.0,0.385098
7295.0,0.385878
7300.0,0.388909
7305.0,0.383724
7310.0,0.386502
7315.0,0.384465
7320.0,0.381445
7325.0,0.385999
7330.0,0.386118
7335.0,0.385777
7340.0,0.387003
7345.0,0.384465
7350.0,0.381326
7355.0,0.380795
7360.0,0.378680
7365.0,0.377016
7370.0,0.375385
7375.0,0.376159
7380.0,0.375750
7385.0,0.373378
7390.0,0.373637
7395.0,0.371770
7400.0,0.370643
7405.0,0.371214
7410.0,0.369935
7415.0,0.368991
7420.0,0.365749
7425.0,0.366865
7430.0,0.365909
7435.0,0.364392
7440.0,0.363946
7445.0,0.362768
7450.0,0.362740
7455.0,0.361601
7460.0,0.360804
7465.0,0.361291
7470.0,0.359947
7475.0,0.358907
7480.0,0.356476
7485.0,0.356370
7490.0,0.353272
7495.0,0.352797
7500.0,0.351860
7505.0,0.350406
7510.0,0.350300
7515.0,0.348988
7520.0,0.349573
7525.0,0.348187
7530.0,0.348486
7535.0,0.347285
7540.0,0.345342
7545.0,0.346221
7550.0,0.344018
7555.0,0.343509
7560.0,0.342757
7565.0,0.342030
7570.0,0.341284
7575.0,0.340570
7580.0,0.339836
7585.0,0.339146
7590.0,0.338454
7595.0,0.337775
7600.0,0.337083
7605.0,0.336353
7610.0,0.335663
7615.0,0.334924
7620.0,0.334188
7625.0,0.333447
7630.0,0.332701
7635.0,0.331949
7640.0,0.331188
7645.0,0.330419
7650.0,0.329640
7655.0,0.328851
7660.0,0.328050
7665.0,0.327238
7670.0,0.326430
7675.0,0.325594
7680.0,0.324749
7685.0,0.323854
7690.0,0.322965
7695.0,0.322105
7700.0,0.321248
7705.0,0.320392
7710.0,0.319577
7715.0,0.318874
7720.0,0.318117
7725.0,0.317269
7730.0,0.315940
7735.0,0.315780
7740.0,0.314684
7745.0,0.314947
7750.0,0.313924
7755.0,0.311817
7760.0,0.311450
7765.0,0.310321
7770.0,0.308277
7775.0,0.304839
7780.0,0.305838
7785.0,0.308249
7790.0,0.306514
7795.0,0.306476
7800.0,0.304550
7805.0,0.304096
7810.0,0.303943
7815.0,0.301276
7820.0,0.301311
7825.0,0.300790
7830.0,0.300580
7835.0,0.299702
7840.0,0.299439
7845.0,0.299054
7850.0,0.298412
7855.0,0.297669
7860.0,0.296259
7865.0,0.295243
7870.0,0.294955
7875.0,0.293794
7880.0,0.291888
7885.0,0.291943
7890.0,0.291732
7895.0,0.288623
7900.0,0.287908
7905.0,0.288925
7910.0,0.288305
7915.0,0.287104
7920.0,0.286499
7925.0,0.285305
7930.0,0.285036
7935.0,0.287271
7940.0,0.286229
7945.0,0.284282
7950.0,0.283022
7955.0,0.282330
7960.0,0.281243
7965.0,0.279037
7970.0,0.279708
7975.0,0.279107
7980.0,0.280512
7985.0,0.279423
7990.0,0.278301
7995.0,0.278896
8000.0,0.275634
8005.0,0.274910
8010.0,0.275322
8015.0,0.274199
8020.0,0.272775
8025.0,0.272415
8030.0,0.272986
8035.0,0.273303
8040.0,0.271207
8045.0,0.270707
8050.0,0.271119
8055.0,0.270904
8060.0,0.269168
8065.0,0.270321
8070.0,0.268913
8075.0,0.268902
8080.0,0.268815
8085.0,0.267836
8090.0,0.267351
8095.0,0.267371
8100.0,0.268409
8105.0,0.270433
8110.0,0.267921
8115.0,0.267204
8120.0,0.268907
8125.0,0.266813
8130.0,0.263321
8135.0,0.261349
8140.0,0.261235
8145.0,0.257975
8150.0,0.254218
8155.0,0.252078
8160.0,0.249777
8165.0,0.243460
8170.0,0.249485
8175.0,0.254259
8180.0,0.248955
8185.0,0.253983
8190.0,0.255043
8195.0,0.254438
8200.0,0.252756
8205.0,0.260073
8210.0,0.262452
8215.0,0.259610
8220.0,0.256437
8225.0,0.244951
8230.0,0.228930
8235.0,0.240485
8240.0,0.252543
8245.0,0.252657
8250.0,0.255465
8255.0,0.251843
8260.0,0.248591
8265.0,0.250590
8270.0,0.250925
8275.0,0.243553
8280.0,0.243357
8285.0,0.244198
8290.0,0.242462
8295.0,0.242748
8300.0,0.243756
8305.0,0.241650
8310.0,0.243540
8315.0,0.243505
8320.0,0.239566
8325.0,0.241213
8330.0,0.243304
8335.0,0.242371
8340.0,0.240459
8345.0,0.240593
8350.0,0.241687
8355.0,0.240520
8360.0,0.238768
8365.0,0.237949
8370.0,0.239076
8375.0,0.237837
8380.0,0.238022
8385.0,0.237995
8390.0,0.236684
8395.0,0.236995
8400.0,0.236653
8405.0,0.235232
8410.0,0.233720
8415.0,0.234133
8420.0,0.233446
8425.0,0.234541
8430.0,0.233304
8435.0,0.231299
8440.0,0.230466
8445.0,0.227636
8450.0,0.229417
8455.0,0.230182
8460.0,0.229682
8465.0,0.227862
8470.0,0.228179
8475.0,0.228140
8480.0,0.228759
8485.0,0.228662
8490.0,0.228645
8495.0,0.225315
8500.0,0.223761
8505.0,0.223418
8510.0,0.223538
8515.0,0.225069
8520.0,0.224854
8525.0,0.227416
8530.0,0.224625
8535.0,0.223078
8540.0,0.221376
8545.0,0.217792
8550.0,0.216393
8555.0,0.222002
8560.0,0.223157
8565.0,0.224258
8570.0,0.224537
8575.0,0.223660
8580.0,0.220273
8585.0,0.218448
8590.0,0.217416
8595.0,0.213054
8600.0,0.209286
8605.0,0.214517
8610.0,0.219521
8615.0,0.222301
8620.0,0.223344
8625.0,0.222996
8630.0,0.225396
8635.0,0.225264
8640.0,0.224701
8645.0,0.222742
8650.0,0.219753
8655.0,0.216859
8660.0,0.211755
8665.0,0.205148
8670.0,0.206005
8675.0,0.212493
8680.0,0.217812
8685.0,0.220346
8690.0,0.222734
8695.0,0.223987
8700.0,0.228197
8705.0,0.228341
8710.0,0.225544
8715.0,0.227338
8720.0,0.224578
8725.0,0.223295
8730.0,0.220323
8735.0,0.215593
8740.0,0.212139
8745.0,0.205371
8750.0,0.198848
8755.0,0.197873
8760.0,0.203700
8765.0,0.210344
8770.0,0.212282
8775.0,0.211542
8780.0,0.213657
8785.0,0.215610
8790.0,0.217084
8795.0,0.217035
8800.0,0.216680
8805.0,0.219001
8810.0,0.217295
8815.0,0.217052
8820.0,0.217458
8825.0,0.213271
8830.0,0.213230
8835.0,0.211659
8840.0,0.210112
8845.0,0.205647
8850.0,0.202448
8855.0,0.197171
8860.0,0.187827
8865.0,0.182971
8870.0,0.189374
8875.0,0.196562
8880.0,0.202028
8885.0,0.204466
8890.0,0.207998
8895.0,0.209002
8900.0,0.209274
8905.0,0.211015
8910.0,0.210427
8915.0,0.207225
8920.0,0.208456
8925.0,0.208130
8930.0,0.206430
8935.0,0.205920
8940.0,0.207115
8945.0,0.204268
8950.0,0.202569
8955.0,0.200998
8960.0,0.201865
8965.0,0.196176
8970.0,0.196670
8975.0,0.195900
8980.0,0.195972
8985.0,0.190257
8990.0,0.179079
8995.0,0.181362
9000.0,0.180960
9005.0,0.176846
9010.0,0.172874
9015.0,0.163364
9020.0,0.167500
9025.0,0.177828
9030.0,0.187139
9035.0,0.197175
9040.0,0.201597
9045.0,0.200915
9050.0,0.202681
9055.0,0.199039
9060.0,0.195880
9065.0,0.189086
9070.0,0.185623
9075.0,0.184135
9080.0,0.186090
9085.0,0.181940
9090.0,0.182722
9095.0,0.186450
9100.0,0.184374
9105.0,0.183797
9110.0,0.185888
9115.0,0.190615
9120.0,0.186525
9125.0,0.189141
9130.0,0.183518
9135.0,0.177740
9140.0,0.180128
9145.0,0.186132
9150.0,0.182454
9155.0,0.170416
9160.0,0.176839
9165.0,0.183941
9170.0,0.181722
9175.0,0.172588
9180.0,0.175363
9185.0,0.183403
9190.0,0.183483
9195.0,0.181292
9200.0,0.182648
9205.0,0.181020
9210.0,0.176295
9215.0,0.171541
9220.0,0.168705
9225.0,0.162858
9230.0,0.153467
9235.0,0.157035
9240.0,0.165276
9245.0,0.170825
9250.0,0.175653
9255.0,0.181853
9260.0,0.181513
9265.0,0.183857
9270.0,0.188182
9275.0,0.187358
9280.0,0.182945
9285.0,0.182328
9290.0,0.183644
9295.0,0.181068
9300.0,0.173019
9305.0,0.172538
9310.0,0.168177
9315.0,0.159079
9320.0,0.147617
9325.0,0.152836
9330.0,0.152960
9335.0,0.145561
9340.0,0.140444
9345.0,0.127312
9350.0,0.152478
9355.0,0.147160
9360.0,0.142956
9365.0,0.156787
9370.0,0.148029
9375.0,0.151849
9380.0,0.150359
9385.0,0.159319
9390.0,0.180377
9395.0,0.196253
9400.0,0.189039
9405.0,0.187042
9410.0,0.180644
9415.0,0.181444
9420.0,0.179328
9425.0,0.169570
9430.0,0.149439
9435.0,0.161556
9440.0,0.149896
9445.0,0.142397
9450.0,0.161105
9455.0,0.156365
9460.0,0.144839
9465.0,0.151947
9470.0,0.159707
9475.0,0.165960
9480.0,0.160235
9485.0,0.156929
9490.0,0.177221
9495.0,0.158785
9500.0,0.144702
9505.0,0.158308
9510.0,0.177750
9515.0,0.167414
9520.0,0.142819
9525.0,0.142667
9530.0,0.137266
9535.0,0.142739
9540.0,0.146134
9545.0,0.136617
9550.0,0.134770
9555.0,0.139202
9560.0,0.144522
9565.0,0.151295
9570.0,0.150715
9575.0,0.164160
9580.0,0.161960
9585.0,0.153477
9590.0,0.149531
9595.0,0.148680
9600.0,0.154960
9605.0,0.154661
9610.0,0.152869
9615.0,0.157869
9620.0,0.153127
9625.0,0.142433
9630.0,0.150445
9635.0,0.150871
9640.0,0.147250
9645.0,0.148776
9650.0,0.147139
9655.0,0.151342
9660.0,0.149540
9665.0,0.143495
9670.0,0.147268
9675.0,0.154285
9680.0,0.154445
9685.0,0.152476
9690.0,0.153305
9695.0,0.155385
9700.0,0.153082
9705.0,0.152324
9710.0,0.151723
9715.0,0.148213
9720.0,0.152852
9725.0,0.146620
9730.0,0.148043
9735.0,0.141635
9740.0,0.142555
9745.0,0.142466
9750.0,0.140215
9755.0,0.137122
9760.0,0.143815
9765.0,0.139917
9770.0,0.147955
9775.0,0.145201
9780.0,0.144058
9785.0,0.140712
9790.0,0.144458
9795.0,0.142993
9800.0,0.141010
9805.0,0.140565
9810.0,0.145511
9815.0,0.142385
9820.0,0.140336
9825.0,0.138228
9830.0,0.141814
9835.0,0.142894
9840.0,0.143319
9845.0,0.140365
9850.0,0.138350
9855.0,0.138965
9860.0,0.140361
9865.0,0.138528
9870.0,0.140201
9875.0,0.136342
9880.0,0.141930
9885.0,0.137537
9890.0,0.138165
9895.0,0.137746
9900.0,0.139792
9905.0,0.140896
9910.0,0.140893
9915.0,0.134811
9920.0,0.139077
9925.0,0.138415
9930.0,0.137951
9935.0,0.136152
9940.0,0.138946
9945.0,0.140585
9950.0,0.135287
9955.0,0.129468
9960.0,0.136288
9965.0,0.135180
9970.0,0.131858
9975.0,0.132693
9980.0,0.134565
9985.0,0.131755
9990.0,0.134631
9995.0,0.133197
10000.0,0.134154
